
mode= Y1 all_2pt 
[4.956503e+05, 2.920177e+05, 6.192021e+04, -2.843842e+04, -5.884938e+03, -2.238474e+05, 5.496866e+04, -9.147350e+03, -9.106112e+03, -2.711409e+03, -4.725845e+02, 5.749142e+03, -2.791532e+01, -6.054285e+02, -2.982411e+02, -1.164842e+02]
[2.920177e+05, 7.177757e+05, -5.128182e+04, 9.215144e+04, 1.884551e+04, -9.547038e+04, 2.233988e+04, 1.923122e+04, 2.962004e+04, 4.674676e+04, 3.882021e+04, 6.075292e+04, -3.302009e+01, -1.159338e+02, -1.357868e+02, -4.736593e+01]
[6.192021e+04, -5.128182e+04, 3.824395e+04, -1.773059e+04, -3.705132e+03, -6.209178e+04, 1.610982e+04, -1.967132e+03, -4.750782e+03, -7.304576e+03, -7.661220e+03, -9.126221e+03, -2.170268e+01, 1.130437e+02, -2.027879e+01, -2.355794e+00]
[-2.843842e+04, 9.215144e+04, -1.773059e+04, 2.644215e+04, 5.609282e+03, 2.905878e+03, -9.847344e+02, 4.294888e+03, 7.285843e+03, 1.065603e+04, 8.594494e+03, 1.380619e+04, -8.030082e+00, 1.541866e+02, 3.320947e+01, 1.741875e+01]
[-5.884938e+03, 1.884551e+04, -3.705132e+03, 5.609282e+03, 1.219588e+03, 5.897435e+02, -1.651406e+02, 6.166885e+02, 1.278671e+03, 2.126514e+03, 1.913503e+03, 3.255236e+03, -1.852261e+00, 3.317634e+01, 6.811465e+00, 3.928955e+00]
[-2.238474e+05, -9.547038e+04, -6.209178e+04, 2.905878e+03, 5.897435e+02, 3.937117e+05, -6.653577e+04, -2.100093e+03, -2.689681e+03, -3.023042e+03, 4.497533e+03, -2.226776e+03, 2.760033e+01, -3.905388e+01, 6.353630e+01, 1.587021e+01]
[5.496866e+04, 2.233988e+04, 1.610982e+04, -9.847344e+02, -1.651406e+02, -6.653577e+04, 1.615442e+04, 2.263796e+02, 2.772166e+01, 6.057508e+02, -1.709973e+03, 1.342590e+03, -7.630378e+00, 1.652783e+01, -1.551024e+01, -3.793045e+00]
[-9.147350e+03, 1.923122e+04, -1.967132e+03, 4.294888e+03, 6.166885e+02, -2.100093e+03, 2.263796e+02, 1.031497e+04, 5.952025e+02, 3.061623e+02, 1.318842e+02, 4.853300e+01, -4.689553e+00, 7.753799e+01, 1.467232e+01, 5.929481e+00]
[-9.106112e+03, 2.962004e+04, -4.750782e+03, 7.285843e+03, 1.278671e+03, -2.689681e+03, 2.772166e+01, 5.952025e+02, 1.447992e+04, 3.639725e+02, 1.623157e+02, 6.454251e+01, -4.574224e+00, 7.876800e+01, 1.549952e+01, 7.674885e+00]
[-2.711409e+03, 4.674676e+04, -7.304576e+03, 1.065603e+04, 2.126514e+03, -3.023042e+03, 6.057508e+02, 3.061623e+02, 3.639725e+02, 1.918797e+04, 1.412316e+02, 5.694871e+01, -3.143417e+00, 3.947583e+01, 5.528554e+00, 4.820183e+00]
[-4.725845e+02, 3.882021e+04, -7.661220e+03, 8.594494e+03, 1.913503e+03, 4.497533e+03, -1.709973e+03, 1.318842e+02, 1.623157e+02, 1.412316e+02, 1.477558e+04, 3.394121e+01, -1.330849e+00, 1.737992e+01, 2.622549e+00, 2.675830e+00]
[5.749142e+03, 6.075292e+04, -9.126221e+03, 1.380619e+04, 3.255236e+03, -2.226776e+03, 1.342590e+03, 4.853300e+01, 6.454251e+01, 5.694871e+01, 3.394121e+01, 2.035457e+04, -6.458461e-01, 6.676802e+00, 6.232552e-01, 9.641167e-01]
[-2.791532e+01, -3.302009e+01, -2.170268e+01, -8.030082e+00, -1.852261e+00, 2.760033e+01, -7.630378e+00, -4.689553e+00, -4.574224e+00, -3.143417e+00, -1.330849e+00, -6.458461e-01, 7.163568e-01, -2.113311e+00, 1.560078e-01, -2.539594e-02]
[-6.054285e+02, -1.159338e+02, 1.130437e+02, 1.541866e+02, 3.317634e+01, -3.905388e+01, 1.652783e+01, 7.753799e+01, 7.876800e+01, 3.947583e+01, 1.737992e+01, 6.676802e+00, -2.113311e+00, 2.273531e+01, 1.355686e+00, 8.128486e-01]
[-2.982411e+02, -1.357868e+02, -2.027879e+01, 3.320947e+01, 6.811465e+00, 6.353630e+01, -1.551024e+01, 1.467232e+01, 1.549952e+01, 5.528554e+00, 2.622549e+00, 6.232552e-01, 1.560078e-01, 1.355686e+00, 2.013614e+00, 2.240623e-01]
[-1.164842e+02, -4.736593e+01, -2.355794e+00, 1.741875e+01, 3.928955e+00, 1.587021e+01, -3.793045e+00, 5.929481e+00, 7.674885e+00, 4.820183e+00, 2.675830e+00, 9.641167e-01, -2.539594e-02, 8.128486e-01, 2.240623e-01, 9.892594e+00]


mode= Y1 shear_shear 
[3.862042e+05, 2.870391e+05, 3.988410e+04, -1.836771e+04, -4.334672e+03, -1.044951e+05, 2.602838e+04, -4.349761e+01, -4.293112e+02, -2.778159e+02, -1.012828e+02]
[2.870391e+05, 2.256779e+05, 2.201608e+04, -1.454581e+04, -3.599018e+03, -6.133465e+04, 1.531639e+04, -1.863231e+00, -5.156377e+02, -1.923520e+02, -8.753819e+01]
[3.988410e+04, 2.201608e+04, 1.934393e+04, 9.087428e+01, 3.904829e+01, -3.111333e+04, 8.326912e+03, -2.782530e+01, 1.596846e+02, -2.061966e+01, 1.459089e+00]
[-1.836771e+04, -1.454581e+04, 9.087428e+01, 1.205082e+03, 2.827191e+02, 2.051291e+03, -4.368172e+02, -1.608722e+00, 5.369081e+01, 1.485670e+01, 6.651976e+00]
[-4.334672e+03, -3.599018e+03, 3.904829e+01, 2.827191e+02, 7.272162e+01, 4.371019e+02, -9.261110e+01, -7.521380e-01, 1.416361e+01, 3.013875e+00, 1.822204e+00]
[-1.044951e+05, -6.133465e+04, -3.111333e+04, 2.051291e+03, 4.371019e+02, 1.761669e+05, -1.924990e+04, 4.546274e+01, -1.176277e+02, 8.510893e+01, 1.450646e+01]
[2.602838e+04, 1.531639e+04, 8.326912e+03, -4.368172e+02, -9.261110e+01, -1.924990e+04, 4.992916e+03, -1.198387e+01, 3.821200e+01, -1.985500e+01, -3.021845e+00]
[-4.349761e+01, -1.863231e+00, -2.782530e+01, -1.608722e+00, -7.521380e-01, 4.546274e+01, -1.198387e+01, 6.825054e-01, -1.775426e+00, 1.818613e-01, -9.570829e-03]
[-4.293112e+02, -5.156377e+02, 1.596846e+02, 5.369081e+01, 1.416361e+01, -1.176277e+02, 3.821200e+01, -1.775426e+00, 1.702500e+01, 2.550661e-01, 3.542916e-01]
[-2.778159e+02, -1.923520e+02, -2.061966e+01, 1.485670e+01, 3.013875e+00, 8.510893e+01, -1.985500e+01, 1.818613e-01, 2.550661e-01, 1.689872e+00, 1.024080e-01]
[-1.012828e+02, -8.753819e+01, 1.459089e+00, 6.651976e+00, 1.822204e+00, 1.450646e+01, -3.021845e+00, -9.570829e-03, 3.542916e-01, 1.024080e-01, 9.833407e+00]


mode= Y1 pos_pos
[7.750263e+04, 3.852111e+04, 1.936122e+04, 4.284568e+03, 1.182490e+03, -1.288386e+05, 3.063915e+04, 3.372549e+01, 5.789587e+01, 2.384661e+03, 1.489186e+03, 6.344660e+03]
[3.852111e+04, 5.233648e+05, -8.542955e+04, 1.038220e+05, 2.179523e+04, -2.151897e+04, 3.424002e+03, 1.805913e+04, 3.006690e+04, 4.765375e+04, 3.920823e+04, 6.078017e+04]
[1.936122e+04, -8.542955e+04, 2.354893e+04, -1.818053e+04, -3.740972e+03, -4.057870e+04, 1.020716e+04, -3.017276e+03, -5.477713e+03, -7.857529e+03, -7.940808e+03, -9.191998e+03]
[4.284568e+03, 1.038220e+05, -1.818053e+04, 2.125546e+04, 4.523688e+03, 1.223019e+03, -6.332098e+02, 2.337732e+03, 5.126351e+03, 9.372455e+03, 8.038573e+03, 1.365036e+04]
[1.182490e+03, 2.179523e+04, -3.740972e+03, 4.523688e+03, 9.817164e+02, 7.640411e+01, -5.363638e+01, 2.903118e+02, 8.485595e+02, 1.835711e+03, 1.776482e+03, 3.220216e+03]
[-1.288386e+05, -2.151897e+04, -4.057870e+04, 1.223019e+03, 7.640411e+01, 3.507978e+05, -5.554188e+04, -1.169652e+03, -2.035233e+03, -2.438374e+03, 4.922063e+03, -2.142637e+03]
[3.063915e+04, 3.424002e+03, 1.020716e+04, -6.332098e+02, -5.363638e+01, -5.554188e+04, 1.327760e+04, -3.798130e+01, -1.476657e+02, 4.275328e+02, -1.825911e+03, 1.320523e+03]
[3.372549e+01, 1.805913e+04, -3.017276e+03, 2.337732e+03, 2.903118e+02, -1.169652e+03, -3.798130e+01, 8.159348e+03, 2.276873e-13, -1.048984e-12, 2.581482e-13, -1.809217e-14]
[5.789587e+01, 3.006690e+04, -5.477713e+03, 5.126351e+03, 8.485595e+02, -2.035233e+03, -1.476657e+02, 2.276873e-13, 1.274733e+04, -2.112241e-12, -8.051084e-13, -1.081349e-12]
[2.384661e+03, 4.765375e+04, -7.857529e+03, 9.372455e+03, 1.835711e+03, -2.438374e+03, 4.275328e+02, -1.048984e-12, -2.112241e-12, 1.847711e+04, 1.980968e-14, -2.564307e-13]
[1.489186e+03, 3.920823e+04, -7.940808e+03, 8.038573e+03, 1.776482e+03, 4.922063e+03, -1.825911e+03, 2.581482e-13, -8.051084e-13, 1.980968e-14, 1.455447e+04, -4.888810e-13]
[6.344660e+03, 6.078017e+04, -9.191998e+03, 1.365036e+04, 3.220216e+03, -2.142637e+03, 1.320523e+03, -1.809217e-14, -1.081349e-12, -2.564307e-13, -4.888810e-13, 2.033879e+04]


mode= Y1 clusterN_clusterWL
[3.289236e+05, 5.030937e+05, 2.728014e+04, -1.611471e+04, -2.352068e+03, -7.015691e+04, 1.854698e+04, 1.618175e+05, -2.030769e+05, 7.965943e+04, 1.489738e+05, -2.923027e+05, 5.346344e+04]
[5.030937e+05, 8.836540e+05, 3.196397e+04, -2.125379e+04, -3.212005e+03, -8.285571e+04, 2.190909e+04, 2.859522e+05, -3.113495e+05, 1.547777e+05, 3.075046e+05, -5.131344e+05, 1.219916e+05]
[2.728014e+04, 3.196397e+04, 5.100923e+03, -1.633936e+03, -2.527365e+02, -1.291648e+04, 3.399955e+03, 1.073756e+04, -2.458244e+04, 4.197190e+03, 3.177083e+03, -2.410775e+04, -3.935696e+01]
[-1.611471e+04, -2.125379e+04, -1.633936e+03, 1.046525e+03, 1.340359e+02, 4.487482e+03, -1.178424e+03, -7.693674e+03, 1.099606e+04, -3.141260e+03, -5.757579e+03, 1.372075e+04, -1.586899e+03]
[-2.352068e+03, -3.212005e+03, -2.527365e+02, 1.340359e+02, 2.129077e+01, 6.554587e+02, -1.730898e+02, -1.043353e+03, 1.565109e+03, -4.604758e+02, -7.565110e+02, 1.930502e+03, -2.167449e+02]
[-7.015691e+04, -8.285571e+04, -1.291648e+04, 4.487482e+03, 6.554587e+02, 1.331272e+05, -9.307578e+03, -3.046679e+04, 6.839465e+04, -1.168596e+04, -9.985351e+03, 6.835662e+04, -1.913472e+02]
[1.854698e+04, 2.190909e+04, 3.399955e+03, -1.178424e+03, -1.730898e+02, -9.307578e+03, 2.599351e+03, 7.986536e+03, -1.793539e+04, 3.073320e+03, 2.617220e+03, -1.790247e+04, 5.670878e+01]
[1.618175e+05, 2.859522e+05, 1.073756e+04, -7.693674e+03, -1.043353e+03, -3.046679e+04, 7.986536e+03, 9.999368e+04, -1.111692e+05, 5.231621e+04, 1.062451e+05, -1.794708e+05, 4.131272e+04]
[-2.030769e+05, -3.113495e+05, -2.458244e+04, 1.099606e+04, 1.565109e+03, 6.839465e+04, -1.793539e+04, -1.111692e+05, 1.709799e+05, -5.337920e+04, -8.892231e+04, 2.208021e+05, -3.015527e+04]
[7.965943e+04, 1.547777e+05, 4.197190e+03, -3.141260e+03, -4.604758e+02, -1.168596e+04, 3.073320e+03, 5.231621e+04, -5.337920e+04, 2.984562e+04, 6.133245e+04, -9.399380e+04, 2.575637e+04]
[1.489738e+05, 3.075046e+05, 3.177083e+03, -5.757579e+03, -7.565110e+02, -9.985351e+03, 2.617220e+03, 1.062451e+05, -8.892231e+04, 6.133245e+04, 1.385789e+05, -1.777937e+05, 5.944481e+04]
[-2.923027e+05, -5.131344e+05, -2.410775e+04, 1.372075e+04, 1.930502e+03, 6.835662e+04, -1.790247e+04, -1.794708e+05, 2.208021e+05, -9.399380e+04, -1.777937e+05, 3.416793e+05, -6.782652e+04]
[5.346344e+04, 1.219916e+05, -3.935696e+01, -1.586899e+03, -2.167449e+02, -1.913472e+02, 5.670878e+01, 4.131272e+04, -3.015527e+04, 2.575637e+04, 5.944481e+04, -6.782652e+04, 2.761216e+04]



mode= Y10 all_2pt
[1.534806e+06, 1.077655e+06, 1.784503e+05, -8.892709e+04, -2.326700e+04, -6.044806e+05, 1.475938e+05, -1.079391e+04, -1.364831e+04, -1.697953e+04, -1.235589e+04, -8.994071e+03, -7.109183e+03, -4.079208e+03, 1.834627e+03, 1.491701e+03, 1.140790e+03, 2.945872e+02, -3.597319e+03, -5.094841e+02, -5.499115e+02]
[1.077655e+06, 1.447611e+06, 5.690185e+04, 7.183874e+04, 9.590074e+03, -4.465610e+05, 1.062582e+05, 8.810891e+03, 1.337999e+04, 1.886158e+04, 1.872008e+04, 2.735763e+04, 2.419489e+04, 2.150143e+04, 3.454562e+04, 3.022136e+04, 2.670188e+04, 9.784003e+01, -6.281758e+02, 1.748589e+01, -1.936461e+02]
[1.784503e+05, 5.690185e+04, 9.107039e+04, -1.051577e+04, -2.331593e+03, -1.513820e+05, 4.043745e+04, 6.302185e+02, -7.808624e+01, -8.046124e+02, -1.244042e+03, -2.150373e+03, -2.480560e+03, -2.719755e+03, -3.307409e+03, -3.432937e+03, -3.456865e+03, -1.096554e+02, 4.898676e+02, -1.318082e+02, -3.364996e+01]
[-8.892709e+04, 7.183874e+04, -1.051577e+04, 3.909049e+04, 8.524979e+03, -1.032845e+04, 1.723718e+03, 3.415890e+03, 5.040578e+03, 7.323579e+03, 6.667185e+03, 8.199074e+03, 7.590152e+03, 6.308301e+03, 8.454921e+03, 7.433428e+03, 7.020887e+03, -8.153057e+01, 8.031630e+02, 6.627065e+01, 8.302857e+01]
[-2.326700e+04, 9.590074e+03, -2.331593e+03, 8.524979e+03, 1.946576e+03, -1.188447e+03, 1.591707e+02, 5.538271e+02, 8.624216e+02, 1.362207e+03, 1.290771e+03, 1.665668e+03, 1.591481e+03, 1.392216e+03, 1.943468e+03, 1.755179e+03, 1.675019e+03, -1.942495e+01, 1.684640e+02, 7.962388e+00, 1.858398e+01]
[-6.044806e+05, -4.465610e+05, -1.513820e+05, -1.032845e+04, -1.188447e+03, 7.217071e+05, -1.382841e+05, -1.035217e+03, -2.320692e+03, -1.758042e+03, -4.455135e+03, -2.714076e+03, -7.972869e+03, -5.744562e+03, -5.761723e+03, -8.313905e+02, -7.803735e+03, 9.428391e+01, 8.959242e+01, 3.011040e+02, 1.663421e+02]
[1.475938e+05, 1.062582e+05, 4.043745e+04, 1.723718e+03, 1.591707e+02, -1.382841e+05, 3.331874e+04, 2.820778e+02, 3.820684e+02, 6.290115e+02, 4.486757e+02, 9.516247e+02, 1.256616e+03, 2.748039e+02, 1.398148e+03, 1.160918e+03, 1.469418e+03, -2.818408e+01, 2.112763e+01, -7.242411e+01, -3.763509e+01]
[-1.079391e+04, 8.810891e+03, 6.302185e+02, 3.415890e+03, 5.538271e+02, -1.035217e+03, 2.820778e+02, 4.374576e+03, 1.176737e+03, 9.264402e+02, 6.597581e+02, 4.378319e+02, 2.441121e+02, 1.524024e+02, 8.979116e+01, 4.904689e+01, 3.144580e+01, -2.293427e+01, 2.209178e+02, 1.416300e+01, 5.312265e+00]
[-1.364831e+04, 1.337999e+04, -7.808625e+01, 5.040578e+03, 8.624216e+02, -2.320692e+03, 3.820684e+02, 1.176737e+03, 6.546691e+03, 1.237563e+03, 9.307187e+02, 6.586068e+02, 3.990177e+02, 2.589520e+02, 1.587895e+02, 8.942723e+01, 5.868780e+01, -2.239932e+01, 2.343439e+02, 2.089223e+01, 1.059870e+01]
[-1.697953e+04, 1.886158e+04, -8.046124e+02, 7.323579e+03, 1.362207e+03, -1.758042e+03, 6.290115e+02, 9.264402e+02, 1.237563e+03, 9.637362e+03, 1.339174e+03, 1.018734e+03, 6.481982e+02, 4.351005e+02, 2.804629e+02, 1.635030e+02, 1.088202e+02, -2.462339e+01, 2.511658e+02, 2.146405e+01, 1.994113e+01]
[-1.235589e+04, 1.872008e+04, -1.244042e+03, 6.667185e+03, 1.290771e+03, -4.455135e+03, 4.486757e+02, 6.597581e+02, 9.307187e+02, 1.339174e+03, 8.385582e+03, 9.053814e+02, 6.308777e+02, 4.404004e+02, 2.918481e+02, 1.725863e+02, 1.165657e+02, -1.700654e+01, 1.869781e+02, 2.035817e+01, 1.893687e+01]
[-8.994071e+03, 2.735763e+04, -2.150373e+03, 8.199074e+03, 1.665668e+03, -2.714076e+03, 9.516247e+02, 4.378319e+02, 6.586068e+02, 1.018734e+03, 9.053814e+02, 1.196828e+04, 6.601394e+02, 4.845024e+02, 3.387341e+02, 2.087249e+02, 1.434078e+02, -1.301799e+01, 1.513846e+02, 1.928499e+01, 2.012750e+01]
[-7.109183e+03, 2.419489e+04, -2.480560e+03, 7.590152e+03, 1.591481e+03, -7.972869e+03, 1.256616e+03, 2.441121e+02, 3.990177e+02, 6.481982e+02, 6.308777e+02, 6.601394e+02, 1.038426e+04, 4.634009e+02, 3.384641e+02, 2.117473e+02, 1.475176e+02, -1.101478e+01, 1.036727e+02, 8.005952e+00, 1.614452e+01]
[-4.079208e+03, 2.150143e+04, -2.719755e+03, 6.308301e+03, 1.392216e+03, -5.744562e+03, 2.748039e+02, 1.524024e+02, 2.589520e+02, 4.351005e+02, 4.404004e+02, 4.845024e+02, 4.634009e+02, 8.964972e+03, 2.868924e+02, 1.900220e+02, 1.351490e+02, -8.068997e+00, 7.118743e+01, 4.534799e+00, 1.195323e+01]
[1.834627e+03, 3.454562e+04, -3.307409e+03, 8.454921e+03, 1.943468e+03, -5.761723e+03, 1.398148e+03, 8.979116e+01, 1.587895e+02, 2.804629e+02, 2.918481e+02, 3.387341e+02, 3.384641e+02, 2.868924e+02, 1.337230e+04, 1.846632e+02, 1.348498e+02, -6.353298e+00, 4.988947e+01, 1.635165e+00, 8.874612e+00]
[1.491701e+03, 3.022136e+04, -3.432937e+03, 7.433428e+03, 1.755179e+03, -8.313905e+02, 1.160918e+03, 4.904689e+01, 8.942723e+01, 1.635030e+02, 1.725863e+02, 2.087249e+02, 2.117473e+02, 1.900220e+02, 1.846632e+02, 1.149810e+04, 1.154112e+02, -6.129246e+00, 2.317694e+01, -7.887154e+00, 1.506948e+00]
[1.140790e+03, 2.670188e+04, -3.456865e+03, 7.020887e+03, 1.675019e+03, -7.803735e+03, 1.469418e+03, 3.144580e+01, 5.868780e+01, 1.088202e+02, 1.165657e+02, 1.434078e+02, 1.475176e+02, 1.351490e+02, 1.348498e+02, 1.154112e+02, 9.856532e+03, -4.559835e+00, 1.413942e+01, -6.998336e+00, 3.392727e-01]
[2.945872e+02, 9.784003e+01, -1.096554e+02, -8.153057e+01, -1.942495e+01, 9.428391e+01, -2.818408e+01, -2.293427e+01, -2.239932e+01, -2.462339e+01, -1.700654e+01, -1.301799e+01, -1.101478e+01, -8.068997e+00, -6.353298e+00, -6.129246e+00, -4.559835e+00, 2.774618e+00, -9.751901e+00, 3.233740e+00, 6.429459e-01]
[-3.597319e+03, -6.281758e+02, 4.898676e+02, 8.031630e+02, 1.684640e+02, 8.959241e+01, 2.112763e+01, 2.209178e+02, 2.343439e+02, 2.511658e+02, 1.869781e+02, 1.513846e+02, 1.036727e+02, 7.118743e+01, 4.988947e+01, 2.317694e+01, 1.413942e+01, -9.751901e+00, 9.332919e+01, 5.234074e+00, 5.788593e+00]
[-5.094841e+02, 1.748589e+01, -1.318082e+02, 6.627065e+01, 7.962388e+00, 3.011040e+02, -7.242411e+01, 1.416300e+01, 2.089223e+01, 2.146405e+01, 2.035817e+01, 1.928499e+01, 8.005952e+00, 4.534799e+00, 1.635165e+00, -7.887154e+00, -6.998336e+00, 3.233740e+00, 5.234074e+00, 1.222194e+01, 4.022767e+00]
[-5.499115e+02, -1.936461e+02, -3.364996e+01, 8.302857e+01, 1.858398e+01, 1.663421e+02, -3.763509e+01, 5.312265e+00, 1.059870e+01, 1.994113e+01, 1.893687e+01, 2.012750e+01, 1.614452e+01, 1.195323e+01, 8.874612e+00, 1.506948e+00, 3.392727e-01, 6.429459e-01, 5.788593e+00, 4.022767e+00, 1.200376e+01]


mode= Y10 shear_shear
[1.346767e+06, 1.115743e+06, 1.604359e+05, -5.159733e+04, -1.621419e+04, -4.865683e+05, 1.202273e+05, 1.457177e+02, -2.189837e+03, -4.142296e+02, -4.481271e+02]
[1.115743e+06, 9.931077e+05, 9.619206e+04, -4.388272e+04, -1.494812e+04, -3.429537e+05, 8.412479e+04, 3.127841e+02, -2.311151e+03, 1.063426e+01, -3.128710e+02]
[1.604359e+05, 9.619206e+04, 7.647811e+04, 1.606765e+02, 3.122483e+01, -1.244695e+05, 3.357666e+04, -1.140258e+02, 4.038671e+02, -1.761550e+02, -5.034816e+01]
[-5.159733e+04, -4.388272e+04, 1.606765e+02, 3.156995e+03, 8.781821e+02, 9.804907e+03, -2.143529e+03, -1.906347e+01, 1.914662e+02, 1.650257e+01, 2.266673e+01]
[-1.621419e+04, -1.494812e+04, 3.122483e+01, 8.781821e+02, 2.855925e+02, 3.301676e+03, -7.309810e+02, -8.352213e+00, 5.384541e+01, -3.509932e+00, 5.486725e+00]
[-4.865683e+05, -3.429537e+05, -1.244695e+05, 9.804907e+03, 3.301676e+03, 4.398465e+05, -8.335799e+04, 1.254247e+02, 2.583460e+02, 4.567478e+02, 2.431458e+02]
[1.202273e+05, 8.412479e+04, 3.357666e+04, -2.143529e+03, -7.309810e+02, -8.335799e+04, 2.106183e+04, -3.508912e+01, -2.452002e+01, -1.100394e+02, -5.582595e+01]
[1.457177e+02, 3.127841e+02, -1.140258e+02, -1.906347e+01, -8.352213e+00, 1.254247e+02, -3.508912e+01, 2.153790e+00, -5.846510e+00, 2.884551e+00, 6.519372e-01]
[-2.189837e+03, -2.311151e+03, 4.038671e+02, 1.914662e+02, 5.384541e+01, 2.583460e+02, -2.452002e+01, -5.846510e+00, 5.537583e+01, 2.538507e+00, 3.668472e+00]
[-4.142296e+02, 1.063426e+01, -1.761550e+02, 1.650257e+01, -3.509932e+00, 4.567478e+02, -1.100394e+02, 2.884551e+00, 2.538507e+00, 1.022493e+01, 3.241709e+00]
[-4.481271e+02, -3.128710e+02, -5.034816e+01, 2.266673e+01, 5.486725e+00, 2.431458e+02, -5.582595e+01, 6.519372e-01, 3.668472e+00, 3.241709e+00, 1.151374e+01]


mode= Y10 pos_pos
[9.140587e+04, 6.308463e+04, 1.987236e+04, 8.872158e+03, 2.206262e+03, -1.552579e+05, 3.563917e+04, -1.235680e+02, -4.335993e+01, 8.044068e+02, 3.471037e+02, 2.692953e+03, 1.117059e+03, 1.728161e+03, 6.369089e+03, 4.313688e+03, 3.145078e+03]
[6.308463e+04, 5.105874e+05, -7.362499e+04, 1.008813e+05, 2.133013e+04, -7.806187e+04, 1.356053e+04, 5.849752e+03, 1.025295e+04, 1.685585e+04, 1.558242e+04, 2.580713e+04, 2.297359e+04, 2.059859e+04, 3.420650e+04, 3.008861e+04, 2.654895e+04]
[1.987236e+04, -7.362499e+04, 2.154548e+04, -1.580071e+04, -3.236012e+03, -3.952355e+04, 1.013958e+04, -1.133658e+03, -1.878315e+03, -2.652229e+03, -2.968520e+03, -3.744515e+03, -3.864759e+03, -3.811181e+03, -4.180521e+03, -4.120377e+03, -3.925861e+03]
[8.872158e+03, 1.008813e+05, -1.580071e+04, 2.060438e+04, 4.406885e+03, -1.080826e+04, 1.389292e+03, 6.715898e+02, 1.453741e+03, 2.662156e+03, 2.773924e+03, 4.701358e+03, 4.861101e+03, 4.261704e+03, 6.898051e+03, 6.402155e+03, 6.266494e+03]
[2.206262e+03, 2.133013e+04, -3.236012e+03, 4.406885e+03, 9.599098e+02, -2.593715e+03, 3.985228e+02, 7.365754e+01, 1.939592e+02, 4.209688e+02, 4.847359e+02, 9.065429e+02, 9.725063e+02, 9.168658e+02, 1.571191e+03, 1.502802e+03, 1.491290e+03]
[-1.552579e+05, -7.806187e+04, -3.952355e+04, -1.080826e+04, -2.593715e+03, 4.245673e+05, -6.636059e+04, -1.206549e+00, -1.155723e+03, -5.167557e+02, -2.377424e+03, -6.607282e+02, -5.496011e+03, -3.489492e+03, -4.137121e+03, 6.755408e+02, -6.549724e+03]
[3.563917e+04, 1.356053e+04, 1.013958e+04, 1.389292e+03, 3.985228e+02, -6.636059e+04, 1.517433e+04, -9.573708e+01, -1.724942e+01, 1.969861e+02, -1.549185e+02, 3.607999e+02, 5.971378e+02, -3.067210e+02, 9.387621e+02, 7.317827e+02, 1.146599e+03]
[-1.235680e+02, 5.849752e+03, -1.133658e+03, 6.715898e+02, 7.365754e+01, -1.206549e+00, -9.573708e+01, 3.074869e+03, 1.758394e-14, -1.900040e-13, 1.241658e-13, 4.852681e-13, -5.861506e-13, 3.016357e-13, 2.599455e-13, -1.817174e-13, 4.885149e-13]
[-4.335993e+01, 1.025295e+04, -1.878315e+03, 1.453741e+03, 1.939592e+02, -1.155723e+03, -1.724942e+01, 1.758394e-14, 5.125719e+03, -7.925801e-13, -4.784103e-13, -1.173080e-13, -1.188727e-12, -3.009404e-13, -3.426306e-13, -7.842935e-13, -1.140612e-13]
[8.044068e+02, 1.685585e+04, -2.652229e+03, 2.662156e+03, 4.209688e+02, -5.167557e+02, 1.969861e+02, -1.900040e-13, -7.925801e-13, 7.897844e+03, 9.082036e-13, 1.269306e-12, 1.978872e-13, 1.085674e-12, 1.043983e-12, 6.023204e-13, 1.272553e-12]
[3.471037e+02, 1.558242e+04, -2.968520e+03, 2.773924e+03, 4.847359e+02, -2.377424e+03, -1.549185e+02, 1.241658e-13, -4.784103e-13, 9.082036e-13, 7.258413e+03, 4.243124e-13, -6.471063e-13, 2.406800e-13, 1.989898e-13, -2.426731e-13, 4.275592e-13]
[2.692953e+03, 2.580713e+04, -3.744515e+03, 4.701358e+03, 9.065429e+02, -6.607282e+02, 3.607999e+02, 4.852681e-13, -1.173080e-13, 1.269306e-12, 4.243124e-13, 1.111219e+04, 7.205103e-13, 1.608297e-12, 1.566606e-12, 1.124944e-12, 1.795176e-12]
[1.117059e+03, 2.297359e+04, -3.864759e+03, 4.861101e+03, 9.725063e+02, -5.496011e+03, 5.971378e+02, -5.861506e-13, -1.188727e-12, 1.978872e-13, -6.471063e-13, 7.205103e-13, 9.763761e+03, 1.258958e-12, 1.217268e-12, 7.756046e-13, 1.445837e-12]
[1.728161e+03, 2.059859e+04, -3.811181e+03, 4.261704e+03, 9.168658e+02, -3.489492e+03, -3.067210e+02, 3.016357e-13, -3.009404e-13, 1.085674e-12, 2.406800e-13, 1.608297e-12, 1.258958e-12, 8.556171e+03, -2.444155e-13, -6.860784e-13, -1.584610e-14]
[6.369089e+03, 3.420650e+04, -4.180521e+03, 6.898051e+03, 1.571191e+03, -4.137121e+03, 9.387621e+02, 2.599455e-13, -3.426306e-13, 1.043983e-12, 1.989898e-13, 1.566606e-12, 1.217268e-12, -2.444155e-13, 1.302358e+04, -1.877400e-12, -1.207168e-12]
[4.313688e+03, 3.008861e+04, -4.120377e+03, 6.402155e+03, 1.502802e+03, 6.755408e+02, 7.317827e+02, -1.817174e-13, -7.842935e-13, 6.023204e-13, -2.426731e-13, 1.124944e-12, 7.756046e-13, -6.860784e-13, -1.877400e-12, 1.125898e+04, -9.276313e-14]
[3.145078e+03, 2.654895e+04, -3.925861e+03, 6.266494e+03, 1.491290e+03, -6.549724e+03, 1.146599e+03, 4.885149e-13, -1.140612e-13, 1.272553e-12, 4.275592e-13, 1.795176e-12, 1.445837e-12, -1.584610e-14, -1.207168e-12, -9.276313e-14, 9.691713e+03]


mode= Y10 clusterN_clusterWL
[4.917960e+05, 8.104043e+05, 4.464594e+04, -1.430085e+04, -2.381464e+03, -1.084740e+05, 2.885103e+04, 2.350306e+05, -3.111848e+05, 1.315677e+05, 2.268403e+05, -4.611089e+05, 9.116547e+04]
[8.104043e+05, 1.635133e+06, 6.156560e+04, -1.218435e+04, -2.071598e+03, -1.565540e+05, 4.149236e+04, 5.022502e+05, -5.905997e+05, 3.141501e+05, 5.886100e+05, -1.016520e+06, 2.662830e+05]
[4.464594e+04, 6.156560e+04, 8.311449e+03, -1.523034e+03, -2.833222e+02, -2.048219e+04, 5.418299e+03, 1.764330e+04, -4.000454e+04, 8.563593e+03, 6.894851e+03, -4.207195e+04, 9.199933e+02]
[-1.430085e+04, -1.218435e+04, -1.523034e+03, 1.817867e+03, 2.268645e+02, 4.738001e+03, -1.231253e+03, -7.023798e+03, 1.036775e+04, -1.440686e+03, -3.293319e+03, 1.015475e+04, 4.400156e+02]
[-2.381464e+03, -2.071598e+03, -2.833222e+02, 2.268645e+02, 3.636572e+01, 7.284336e+02, -1.924626e+02, -7.253484e+02, 1.309777e+03, -9.895905e+01, -1.874023e+01, 9.825984e+02, 2.606689e+02]
[-1.084740e+05, -1.565540e+05, -2.048219e+04, 4.738001e+03, 7.284336e+02, 1.536442e+05, -1.470547e+04, -5.415739e+04, 1.146003e+05, -2.561282e+04, -2.741617e+04, 1.263763e+05, -5.660335e+03]
[2.885103e+04, 4.149236e+04, 5.418299e+03, -1.231253e+03, -1.924626e+02, -1.470547e+04, 4.021451e+03, 1.411541e+04, -2.999625e+04, 6.699750e+03, 7.057686e+03, -3.296987e+04, 1.445325e+03]
[2.350306e+05, 5.022502e+05, 1.764330e+04, -7.023798e+03, -7.253484e+02, -5.415739e+04, 1.411541e+04, 1.836568e+05, -2.142387e+05, 1.090287e+05, 2.173515e+05, -3.671843e+05, 9.591763e+04]
[-3.111848e+05, -5.905997e+05, -4.000454e+04, 1.036775e+04, 1.309777e+03, 1.146003e+05, -2.999625e+04, -2.142387e+05, 3.225270e+05, -1.211840e+05, -2.075879e+05, 4.630604e+05, -8.495760e+04]
[1.315677e+05, 3.141501e+05, 8.563593e+03, -1.440686e+03, -9.895905e+01, -2.561282e+04, 6.699750e+03, 1.090287e+05, -1.211840e+05, 7.125013e+04, 1.420143e+05, -2.245073e+05, 6.799680e+04]
[2.268403e+05, 5.886100e+05, 6.894851e+03, -3.293319e+03, -1.874023e+01, -2.741617e+04, 7.057686e+03, 2.173515e+05, -2.075879e+05, 1.420143e+05, 3.094740e+05, -4.229362e+05, 1.501469e+05]
[-4.611089e+05, -1.016520e+06, -4.207195e+04, 1.015475e+04, 9.825984e+02, 1.263763e+05, -3.296987e+04, -3.671843e+05, 4.630604e+05, -2.245073e+05, -4.229362e+05, 7.809840e+05, -1.892889e+05]
[9.116547e+04, 2.662830e+05, 9.199933e+02, 4.400156e+02, 2.606689e+02, -5.660335e+03, 1.445325e+03, 9.591763e+04, -8.495760e+04, 6.799680e+04, 1.501469e+05, -1.892889e+05, 7.911098e+04]


