
mode= Y1 all_2pt
[4.321685e+05, 2.754616e+05, 5.992140e+04, -1.992358e+04, -4.473057e+03, -2.164983e+05, 5.264462e+04],
[2.754616e+05, 2.082198e+05, 2.691262e+04, -1.379929e+04, -3.407022e+03, -7.745383e+04, 1.946493e+04],
[5.992140e+04, 2.691262e+04, 2.414847e+04, -6.937346e+02, -1.056892e+02, -6.207807e+04, 1.576508e+04],
[-1.992358e+04, -1.379929e+04, -6.937346e+02, 1.395740e+03, 3.162361e+02, 4.976017e+03, -1.248729e+03],
[-4.473057e+03, -3.407022e+03, -1.056892e+02, 3.162361e+02, 8.081758e+01, 9.051103e+02, -2.218407e+02],
[-2.164983e+05, -7.745383e+04, -6.207807e+04, 4.976017e+03, 9.051103e+02, 3.877220e+05, -6.499201e+04],
[5.264462e+04, 1.946493e+04, 1.576508e+04, -1.248729e+03, -2.218407e+02, -6.499201e+04, 1.565908e+04],


mode= Y1 shear_shear
[3.247770e+05, 2.400159e+05, 3.923858e+04, -1.445508e+04, -3.472317e+03, -9.078763e+04, 2.305016e+04],
[2.400159e+05, 1.871294e+05, 2.375145e+04, -1.119332e+04, -2.827945e+03, -5.374799e+04, 1.383975e+04],
[3.923858e+04, 2.375145e+04, 1.738504e+04, -1.810105e+02, -4.883880e+01, -2.842754e+04, 7.592980e+03],
[-1.445508e+04, -1.119332e+04, -1.810105e+02, 9.056750e+02, 2.122521e+02, 1.585629e+03, -3.597575e+02],
[-3.472317e+03, -2.827945e+03, -4.883880e+01, 2.122521e+02, 5.579258e+01, 3.710380e+02, -8.572444e+01],
[-9.078763e+04, -5.374799e+04, -2.842754e+04, 1.585629e+03, 3.710380e+02, 1.697962e+05, -1.766996e+04],
[2.305016e+04, 1.383975e+04, 7.592980e+03, -3.597575e+02, -8.572444e+01, -1.766996e+04, 4.595516e+03],


mode= Y1 pos_pos[7.506288e+04, 9.187685e+03, 2.409259e+04, -2.038693e+03, -2.457899e+02, -1.283450e+05, 3.035969e+04],
[9.187685e+03, 2.316236e+03, 3.294854e+03, -6.338099e+01, 7.861371e+00, -1.469746e+04, 3.726307e+03],
[2.409259e+04, 3.294854e+03, 8.251117e+03, -5.724926e+02, -6.373556e+01, -4.120565e+04, 9.912071e+03],
[-2.038693e+03, -6.338099e+01, -5.724926e+02, 1.687613e+02, 2.569084e+01, 2.332990e+03, -6.576080e+02],
[-2.457899e+02, 7.861371e+00, -6.373556e+01, 2.569084e+01, 5.835732e+00, 2.342215e+02, -7.114161e+01],
[-1.283450e+05, -1.469746e+04, -4.120565e+04, 2.332990e+03, 2.342215e+02, 3.480931e+05, -5.475787e+04],
[3.035969e+04, 3.726307e+03, 9.912071e+03, -6.576080e+02, -7.114161e+01, -5.475787e+04, 1.295101e+04],


mode= Y1 clusterN_clusterWL
[2.870134e+04, 2.733068e+04, 1.650527e+03, -7.279794e+02, -1.638882e+02, -1.111972e+03, 3.712510e+02],
[2.733068e+04, 3.158678e+04, 1.668796e+03, -3.284575e+02, -1.576210e+02, -8.033800e+02, 2.981454e+02],
[1.650527e+03, 1.668796e+03, 4.041244e+02, -2.898233e+01, -9.348041e+00, -2.105880e+02, 6.087969e+01],
[-7.279794e+02, -3.284575e+02, -2.898233e+01, 7.995948e+01, 8.882293e+00, 2.587293e+01, -8.193367e+00],
[-1.638882e+02, -1.576210e+02, -9.348041e+00, 8.882293e+00, 3.344015e+00, 5.200826e+00, -1.873112e+00],
[-1.111972e+03, -8.033800e+02, -2.105880e+02, 2.587293e+01, 5.200826e+00, 9.820709e+04, -1.453636e+02],
[3.712510e+02, 2.981454e+02, 6.087969e+01, -8.193367e+00, -1.873112e+00, -1.453636e+02, 1.949982e+02],


mode= Y10 all_2pt
[1.368649e+06, 1.077369e+06, 1.909567e+05, -5.048014e+04, -1.575172e+04, -5.977328e+05, 1.467548e+05],
[1.077369e+06, 9.460055e+05, 1.158084e+05, -4.071544e+04, -1.421410e+04, -3.576326e+05, 8.896166e+04],
[1.909567e+05, 1.158084e+05, 7.989886e+04, -1.075330e+03, -3.434635e+02, -1.579923e+05, 4.127103e+04],
[-5.048014e+04, -4.071544e+04, -1.075330e+03, 3.287218e+03, 8.999037e+02, 1.017881e+04, -2.573069e+03],
[-1.575172e+04, -1.421410e+04, -3.434635e+02, 8.999037e+02, 2.947346e+02, 3.321793e+03, -8.067833e+02],
[-5.977328e+05, -3.576326e+05, -1.579923e+05, 1.017881e+04, 3.321792e+03, 6.921194e+05, -1.330269e+05],
[1.467548e+05, 8.896166e+04, 4.127103e+04, -2.573069e+03, -8.067833e+02, -1.330269e+05, 3.211453e+04],


mode= Y10 shear_shear
[1.245899e+06, 1.023186e+06, 1.702702e+05, -4.359917e+04, -1.417431e+04, -4.610516e+05, 1.155425e+05],
[1.023186e+06, 8.895345e+05, 1.156015e+05, -3.575574e+04, -1.251022e+04, -3.364015e+05, 8.417706e+04],
[1.702702e+05, 1.156015e+05, 6.955189e+04, -1.098834e+03, -4.859906e+02, -1.173761e+05, 3.155389e+04],
[-4.359917e+04, -3.575574e+04, -1.098834e+03, 2.480302e+03, 6.918326e+02, 8.536171e+03, -1.968391e+03],
[-1.417431e+04, -1.251022e+04, -4.859906e+02, 6.918326e+02, 2.270958e+02, 3.300704e+03, -7.692657e+02],
[-4.610516e+05, -3.364015e+05, -1.173761e+05, 8.536171e+03, 3.300704e+03, 4.179458e+05, -7.817987e+04],
[1.155425e+05, 8.417706e+04, 3.155389e+04, -1.968391e+03, -7.692657e+02, -7.817987e+04, 1.981170e+04],


mode= Y10 pos_pos
[8.438445e+04, 1.102963e+04, 2.723950e+04, -1.908488e+03, -1.994326e+02, -1.497178e+05, 3.441717e+04],
[1.102963e+04, 2.962744e+03, 4.033155e+03, 4.966194e+01, 3.400482e+01, -1.967114e+04, 4.622566e+03],
[2.723950e+04, 4.033155e+03, 9.405188e+03, -4.896362e+02, -4.093944e+01, -4.877970e+04, 1.135568e+04],
[-1.908488e+03, 4.966194e+01, -4.896362e+02, 2.101347e+02, 3.326655e+01, 1.398525e+03, -5.439783e+02],
[-1.994326e+02, 3.400482e+01, -4.093944e+01, 3.326655e+01, 7.315624e+00, 2.838112e+01, -4.208862e+01],
[-1.497178e+05, -1.967114e+04, -4.877970e+04, 1.398525e+03, 2.838112e+01, 4.131569e+05, -6.514070e+04],
[3.441717e+04, 4.622566e+03, 1.135568e+04, -5.439783e+02, -4.208862e+01, -6.514070e+04, 1.485296e+04],


mode= Y10 clusterN_clusterWL
[6.650828e+04, 6.327618e+04, 4.089014e+03, -7.965580e+02, -1.993074e+02, -3.228412e+03, 1.031406e+03],
[6.327618e+04, 7.840616e+04, 4.191588e+03, 1.056181e+03, -2.136523e+01, -3.105892e+03, 9.995147e+02],
[4.089014e+03, 4.191588e+03, 7.745398e+02, -8.610370e+00, -1.081149e+01, -7.332814e+02, 2.106721e+02],
[-7.965580e+02, 1.056181e+03, -8.610370e+00, 3.215018e+02, 4.533306e+01, -2.797566e+01, 5.340198e+00],
[-1.993074e+02, -2.136523e+01, -1.081149e+01, 4.533306e+01, 9.652406e+00, 3.950185e+00, -1.688475e+00],
[-3.228412e+03, -3.105892e+03, -7.332814e+02, -2.797566e+01, 3.950185e+00, 9.959901e+04, -5.129272e+02],
[1.031406e+03, 9.995147e+02, 2.106721e+02, 5.340198e+00, -1.688475e+00, -5.129272e+02, 2.929474e+02],

